Student140 1 6 7 2 4 3 14 13 8 9 10 0 5 11 12
Student145 1 5 6 12 3 8 13 2 11 10 4 14 9 0 7
Student150 2 1 6 13 0 10 4 8 14 9 3 5 7 11 12
Student153 1 6 12 8 2 11 3 14 10 13 4 9 0 5 7
Student154 0 1 5 6 12 3 4 14 8 2 11 10 9 13 7
Student110 1 6 12 2 11 8 13 3 9 10 4 0 5 7 14
Student152 0 1 5 6 3 14 8 4 2 9 13 10 7 11 12
Student120 5 3 8 4 14 9 0 1 2 6 7 10 11 12 13
Student91 1 6 3 13 2 8 14 4 9 10 0 5 7 11 12
Student133 1 5 6 3 8 4 0 2 14 9 13 10 7 11 12
Student9 1 6 8 3 2 14 13 4 9 0 5 7 10 11 12
Student10 1 5 6 3 8 2 4 9 13 0 7 10 11 12 14
Student12 1 6 2 8 3 14 13 4 9 0 5 7 10 11 12
Student25 2 1 6 0 4 8 14 9 13 3 5 7 10 11 12
Student40 1 6 8 2 3 14 13 4 9 0 5 7 10 11 12
Student107 1 6 8 3 2 11 14 13 4 9 10 0 5 7 12
Student69 5 0 11 8 3 4 14 9 10 1 2 6 7 12 13
Student101 1 5 6 3 8 2 11 14 4 9 13 10 0 7 12
Student66 1 6 2 8 13 3 9 4 0 5 7 10 11 12 14
Student6 8 3 14 4 0 1 2 5 6 7 9 10 11 12 13
Student163 2 1 6 7 0 4 9 14 13 8 3 5 10 11 12
Student27 8 14 4 3 10 0 1 2 5 6 7 9 11 12 13
Student35 1 6 2 13 3 9 8 4 0 5 7 10 11 12 14
Student4 1 6 0 2 8 14 4 13 3 9 10 5 7 11 12
Student121 1 6 0 2 8 14 13 3 4 9 5 7 10 11 12
Student122 1 5 6 3 8 2 4 14 9 13 0 7 10 11 12
Student73 1 5 6 3 8 14 0 2 4 9 13 7 10 11 12
Student55 1 6 2 8 13 3 9 4 0 5 7 10 11 12 14
Student89 1 6 8 3 2 14 4 13 9 0 5 7 10 11 12
Student129 1 6 2 13 8 3 9 4 0 5 7 10 11 12 14
Student50 1 5 6 3 8 2 4 14 9 13 0 7 10 11 12
Student134 5 3 8 14 4 9 0 1 2 6 7 10 11 12 13
Student138 1 5 6 3 2 8 9 4 13 0 7 10 11 12 14
Student141 2 1 5 6 3 8 9 4 14 13 0 7 10 11 12
Student46 1 6 7 2 13 4 3 9 8 0 5 10 11 12 14
Student143 2 1 6 7 8 4 3 9 13 0 5 10 11 12 14
Student83 1 6 2 8 13 3 9 4 0 5 7 10 11 12 14
Student113 2 1 6 8 14 3 0 4 9 13 5 7 10 11 12
Student51 8 0 1 2 3 4 5 6 7 9 10 11 12 13 14
Student72 1 6 8 0 2 4 3 14 13 9 5 7 10 11 12
Student13 1 6 2 8 13 3 9 4 0 5 7 10 11 12 14
Student2 1 6 2 8 3 13 4 9 0 5 7 10 11 12 14
Student86 1 6 7 2 8 13 4 3 9 0 5 10 11 12 14
Student159 2 1 5 6 7 3 4 13 9 8 14 0 10 11 12
Student109 2 1 6 8 4 14 3 0 11 9 10 13 5 7 12
Student5 1 5 6 3 8 4 2 14 9 13 10 0 7 11 12
Student166 8 3 14 4 0 1 2 5 6 7 9 10 11 12 13
Student26 1 5 6 3 8 4 2 14 9 13 10 0 7 11 12
Student3 1 6 8 3 2 4 14 13 9 0 5 7 10 11 12
Student49 1 6 8 3 2 14 4 13 9 0 5 7 10 11 12
Student115 1 5 6 3 8 2 4 14 9 13 0 7 10 11 12
Student48 1 5 6 3 8 2 4 9 14 13 0 7 10 11 12
Student167 1 6 7 8 2 3 4 14 13 9 0 5 10 11 12
Student7 1 5 6 8 4 3 0 2 14 9 13 10 7 11 12
Student44 1 6 7 2 8 3 14 13 4 9 0 5 10 11 12
Student108 1 5 6 3 8 2 4 14 9 13 0 7 10 11 12
Student63 1 6 8 3 2 14 4 13 9 0 5 7 10 11 12
Student96 1 5 6 3 8 2 4 14 9 13 0 7 10 11 12
Student111 1 5 6 3 8 2 14 9 4 13 0 7 10 11 12
Student23 2 1 5 6 3 8 9 4 14 13 0 7 10 11 12
Student93 1 6 13 2 11 3 8 10 4 9 0 5 7 12 14
Student74 5 3 8 14 4 9 0 1 2 6 7 10 11 12 13
Student75 5 3 8 14 4 9 0 1 2 6 7 10 11 12 13
Student88 1 5 6 8 3 4 2 14 9 13 0 7 10 11 12
Student126 5 3 8 4 14 9 0 1 2 6 7 10 11 12 13
Student59 1 6 8 3 2 14 4 13 9 0 5 7 10 11 12
Student128 1 5 6 3 8 2 4 14 9 13 0 7 10 11 12
Student130 1 6 7 8 2 3 14 4 13 9 0 5 10 11 12
Student137 0 1 5 6 3 4 14 8 2 9 13 10 7 11 12
Student118 1 6 0 2 8 4 14 13 3 9 5 7 10 11 12
Student61 1 6 7 2 8 4 13 3 9 0 5 10 11 12 14
Student33 0 1 5 6 3 14 4 8 2 9 13 10 7 11 12
Student70 2 1 6 13 3 8 4 9 10 0 5 7 11 12 14
Student94 1 6 7 13 2 11 10 4 8 3 9 0 5 12 14
Student116 1 5 6 8 0 2 4 3 14 9 13 7 10 11 12
Student21 1 6 3 8 2 4 14 13 9 0 5 7 10 11 12
Student131 1 6 2 3 14 8 13 4 9 0 5 7 10 11 12
Student146 5 3 8 14 4 13 9 10 0 1 2 6 7 11 12
Student147 1 5 6 3 4 2 8 9 14 13 0 7 10 11 12
Student151 1 5 6 3 8 2 4 14 9 13 0 7 10 11 12
Student32 1 6 8 0 2 14 13 4 3 9 5 7 10 11 12
Student71 1 6 2 8 13 3 9 4 0 5 7 10 11 12 14
Student112 1 6 2 8 13 3 9 4 0 5 7 10 11 12 14
Student114 8 0 1 2 3 4 5 6 7 9 10 11 12 13 14
Student56 1 6 7 2 4 8 13 3 9 0 5 10 11 12 14
Student161 1 5 6 3 8 2 4 9 13 0 7 10 11 12 14
Student117 1 6 7 2 8 13 4 3 9 0 5 10 11 12 14
Student119 1 6 2 8 13 3 9 4 0 5 7 10 11 12 14
Student42 2 1 6 9 8 13 4 3 0 5 7 10 11 12 14
Student65 2 1 6 9 8 13 4 3 0 5 7 10 11 12 14
Student102 1 6 2 4 8 13 3 9 0 5 7 10 11 12 14
Student58 1 6 0 2 8 14 13 4 3 9 5 7 10 11 12
Student52 1 6 2 8 13 3 9 4 0 5 7 10 11 12 14
Student24 2 1 6 9 4 13 8 3 0 5 7 10 11 12 14
Student18 2 1 6 7 9 4 8 13 3 0 5 10 11 12 14
Student104 8 0 1 2 3 4 5 6 7 9 10 11 12 13 14
Student168 8 0 1 2 3 4 5 6 7 9 10 11 12 13 14
Student57 1 6 0 2 8 14 13 4 3 9 5 7 10 11 12
Student64 8 0 1 2 3 4 5 6 7 9 10 11 12 13 14
Student105 8 3 4 0 1 2 5 6 7 9 10 11 12 13 14
Student8 1 6 2 8 13 3 9 4 0 5 7 10 11 12 14
Student68 1 6 7 2 8 13 4 3 9 0 5 10 11 12 14
Student45 8 0 1 2 3 4 5 6 7 9 10 11 12 13 14
Student80 8 0 1 2 3 4 5 6 7 9 10 11 12 13 14
Student19 1 6 2 8 3 4 13 9 0 5 7 10 11 12 14
Student84 1 6 7 2 8 13 4 3 9 0 5 10 11 12 14
Student30 8 0 1 2 3 4 5 6 7 9 10 11 12 13 14
Student41 8 0 1 2 3 4 5 6 7 9 10 11 12 13 14
Student81 5 8 3 4 9 0 1 2 6 7 10 11 12 13 14
Student82 1 6 2 8 13 3 9 4 0 5 7 10 11 12 14
Student85 1 6 2 8 13 3 9 4 0 5 7 10 11 12 14
Student76 1 6 2 8 13 3 9 4 0 5 7 10 11 12 14
Student47 1 6 2 8 13 3 9 4 0 5 7 10 11 12 14
Student54 1 6 2 8 13 3 9 4 0 5 7 10 11 12 14
Student90 1 6 2 8 13 3 9 4 0 5 7 10 11 12 14
Student77 8 0 1 2 3 4 5 6 7 9 10 11 12 13 14
Student136 2 1 6 4 3 8 9 13 0 5 7 10 11 12 14
Student142 1 6 2 8 13 3 9 4 0 5 7 10 11 12 14
Student165 1 6 2 8 13 3 9 4 0 5 7 10 11 12 14
Student148 1 5 6 2 3 9 8 13 4 0 7 10 11 12 14
Student155 5 8 3 4 9 0 1 2 6 7 10 11 12 13 14
Student97 1 6 3 2 8 4 13 9 0 5 7 10 11 12 14
Student160 2 1 6 7 4 9 13 3 8 0 5 10 11 12 14
Student22 2 1 6 0 9 14 4 8 13 3 5 7 10 11 12
Student67 1 6 2 13 3 9 8 4 0 5 7 10 11 12 14
Student149 1 6 7 2 4 13 3 9 8 0 5 10 11 12 14
Student11 2 1 6 7 4 9 13 3 8 0 5 10 11 12 14
Student92 1 6 2 13 3 9 8 4 0 5 7 10 11 12 14
Student43 1 6 2 13 3 9 8 4 0 5 7 10 11 12 14
Student34 1 6 2 13 3 9 8 4 0 5 7 10 11 12 14
Student20 1 6 2 13 3 9 8 4 0 5 7 10 11 12 14
Student53 1 6 2 13 3 9 8 4 0 5 7 10 11 12 14
Student100 0 1 2 3 4 5 6 7 8 9 10 11 12 13 14